0 0.4107142857142857 0.7258928571428571 0.12857142857142856 0.09107142857142857
0 0.3681122448979592 0.6584821428571429 0.15051020408163265 0.09732142857142857
0 0.34591836734693876 0.5959821428571429 0.14285714285714285 0.08482142857142858
0 0.32857142857142857 0.5424107142857143 0.1346938775510204 0.07589285714285714
0 0.3112244897959184 0.4928571428571429 0.12959183673469388 0.07321428571428572
0 0.29642857142857143 0.45223214285714286 0.12244897959183673 0.06339285714285714
0 0.28214285714285714 0.4120535714285714 0.11530612244897959 0.05803571428571429
0 0.2714285714285714 0.38035714285714284 0.11326530612244898 0.055357142857142855
0 0.25918367346938775 0.35044642857142855 0.10714285714285714 0.045535714285714284
0 0.2510204081632653 0.3209821428571429 0.10408163265306122 0.045535714285714284
0 0.24183673469387756 0.29598214285714286 0.09897959183673469 0.04375
0 0.7635204081632653 0.7232142857142857 0.14030612244897958 0.12142857142857143
0 0.7089285714285715 0.6491071428571429 0.13826530612244897 0.10892857142857143
0 0.661734693877551 0.5825892857142857 0.12959183673469388 0.09375
0 0.6234693877551021 0.53125 0.12551020408163266 0.07857142857142857
0 0.5869897959183673 0.4816964285714286 0.11887755102040816 0.07410714285714286
0 0.5573979591836735 0.43794642857142857 0.11173469387755101 0.06696428571428571
0 0.5290816326530612 0.4004464285714286 0.10408163265306122 0.05803571428571429
0 0.5053571428571428 0.3674107142857143 0.10051020408163265 0.05803571428571429
0 0.4826530612244898 0.3361607142857143 0.09489795918367347 0.05267857142857143
0 0.4627551020408163 0.30714285714285716 0.09285714285714286 0.05
0 0.44362244897959185 0.28035714285714286 0.09030612244897959 0.048214285714285716
0 0.4270408163265306 0.25892857142857145 0.08673469387755102 0.048214285714285716
0 0.411734693877551 0.23392857142857143 0.0836734693877551 0.04285714285714286
0 0.3979591836734694 0.21607142857142858 0.07857142857142857 0.04285714285714286
0 0.38418367346938775 0.19866071428571427 0.07653061224489796 0.03660714285714286
0 0.37244897959183676 0.1825892857142857 0.07346938775510205 0.03660714285714286
0 0.36147959183673467 0.1669642857142857 0.07193877551020408 0.03571428571428571
0 0.350765306122449 0.15401785714285715 0.06887755102040816 0.033035714285714286
0 0.7755102040816326 0.3950892857142857 0.09387755102040816 0.059821428571428574
0 0.7380102040816326 0.359375 0.08826530612244898 0.05267857142857143
0 0.7033163265306123 0.3294642857142857 0.08418367346938775 0.048214285714285716
0 0.6724489795918367 0.30044642857142856 0.08163265306122448 0.045535714285714284
0 0.6446428571428572 0.27455357142857145 0.07908163265306123 0.04196428571428571
0 0.6181122448979591 0.25044642857142857 0.0770408163265306 0.04017857142857143
0 0.5956632653061225 0.22901785714285713 0.07193877551020408 0.038392857142857145
0 0.5732142857142857 0.21071428571428572 0.07193877551020408 0.03571428571428571
0 0.5530612244897959 0.19017857142857142 0.0673469387755102 0.033928571428571426
0 0.5346938775510204 0.17232142857142857 0.0653061224489796 0.030357142857142857
0 0.5181122448979592 0.15580357142857143 0.06377551020408163 0.03482142857142857
0 0.5017857142857143 0.14285714285714285 0.05969387755102041 0.02857142857142857
0 0.48622448979591837 0.12901785714285716 0.058163265306122446 0.025892857142857145
0 0.4729591836734694 0.11607142857142858 0.05714285714285714 0.025
0 0.4596938775510204 0.10401785714285715 0.05714285714285714 0.027678571428571427
